451944, 303651
449331, 302362
452482, 307651
451568, 300326
450577, 299665
451578, 298914
454578, 298751
444838, 303093
444286, 304612
445320, 300234
447453, 310713
448515, 297374

451944, 303651
451408, 304435
450577, 299665
451568, 300326
451578, 298914
445320, 300234
444838, 303093
445217, 299720
448515, 297374
444286, 304612
443323, 301083
452482, 307651

432962, 294831
433808, 293791
435310, 297718
437267, 296718
437647, 294591
432581, 293069
432945, 292635
431073, 294185
437649, 292557
435722, 299619
432759, 291845
435077, 299817

431363, 275182
441073, 278586
436957, 284511
437269, 285059
424828, 279786
445008, 279322
441093, 286428
431964, 288819
447070, 283146
432759, 291845
432945, 292635
437649, 292557

452900, 289904
453398, 290719
457920, 289250
454726, 283028
449095, 289080
448322, 288526
451179, 282026
453425, 294242
451412, 295370
447070, 283146
450498, 295321
449516, 295232

437269, 285059
441093, 286428
431964, 288819
441073, 278586
437649, 292557
432759, 291845
434103, 276164
432945, 292635
445008, 279322
432581, 293069
433808, 293791
442899, 292309

443064, 296700
443676, 296613
444311, 295202
439513, 294491
442899, 292309
440601, 298220
437647, 294591
437267, 296718
437649, 292557
445217, 299720
447144, 293258
443323, 301083

451179, 282026
445008, 279322
454726, 283028
447070, 283146
441073, 278586
453814, 287748
448322, 288526
449095, 289080
452900, 289904
457920, 289250
441093, 286428
453398, 290719

440044, 305056
442708, 302957
439804, 300978
440766, 306249
443106, 302107
443323, 301083
443401, 305972
436951, 305651
444286, 304612
438688, 307310
436347, 301376
444838, 303093

434158, 311158
433645, 306847
426282, 311020
435813, 305545
436771, 306958
432356, 303017
437555, 310760
436951, 305651
438419, 307993
432445, 301628
438688, 307310
428361, 300762

436957, 284511
441093, 286428
431964, 288819
437649, 292557
441073, 278586
432759, 291845
432945, 292635
442899, 292309
432581, 293069
433808, 293791
434103, 276164
437647, 294591

450577, 299665
451568, 300326
454578, 298751
448515, 297374
451412, 295370
450498, 295321
449331, 302362
449516, 295232
451944, 303651
453425, 294242
451408, 304435
445320, 300234

433808, 293791
432581, 293069
434794, 295549
431073, 294185
432945, 292635
432759, 291845
435310, 297718
430315, 297650
432115, 299098
429948, 298106
437647, 294591
437267, 296718

450498, 295321
449516, 295232
453425, 294242
448515, 297374
451578, 298914
450577, 299665
454578, 298751
447144, 293258
451568, 300326
453398, 290719
452900, 289904
449095, 289080

438688, 307310
436771, 306958
436951, 305651
437555, 310760
440766, 306249
441706, 308450
440044, 305056
435813, 305545
439444, 312236
443167, 307288
440330, 303495
433645, 306847

429948, 298106
432115, 299098
431073, 294185
428361, 300762
432962, 294831
426272, 299207
432445, 301628
426707, 300399
434794, 295549
435310, 297718
432581, 293069
433808, 293791

432581, 293069
432962, 294831
432945, 292635
433808, 293791
432759, 291845
430315, 297650
434794, 295549
429948, 298106
432115, 299098
431964, 288819
435310, 297718
437647, 294591

448322, 288526
452900, 289904
453398, 290719
447144, 293258
453814, 287748
449516, 295232
447070, 283146
450498, 295321
451412, 295370
453425, 294242
442899, 292309
451179, 282026

443106, 302107
442708, 302957
445320, 300234
445217, 299720
444838, 303093
439804, 300978
444286, 304612
440330, 303495
440601, 298220
443064, 296700
443676, 296613
443401, 305972

443106, 302107
443323, 301083
444838, 303093
444286, 304612
440330, 303495
443401, 305972
440044, 305056
439804, 300978
445320, 300234
440766, 306249
445217, 299720
443706, 307136

426707, 300399
426272, 299207
428361, 300762
420771, 303239
422151, 305040
429948, 298106
430315, 297650
432115, 299098
432445, 301628
432356, 303017
431073, 294185
432962, 294831

451408, 304435
449331, 302362
451568, 300326
452482, 307651
450577, 299665
451578, 298914
454578, 298751
444838, 303093
448515, 297374
445320, 300234
444286, 304612
445217, 299720

438419, 307993
436771, 306958
440766, 306249
436951, 305651
440044, 305056
441706, 308450
435813, 305545
437555, 310760
440330, 303495
443167, 307288
443401, 305972
439444, 312236

443749, 308914
441706, 308450
443167, 307288
443706, 307136
447453, 310713
443401, 305972
439444, 312236
440766, 306249
444286, 304612
438419, 307993
438688, 307310
440561, 315552

451412, 295370
450498, 295321
453398, 290719
449516, 295232
452900, 289904
454578, 298751
451578, 298914
448515, 297374
450577, 299665
447144, 293258
451568, 300326
459844, 295063

426707, 300399
426272, 299207
429948, 298106
425177, 300915
430315, 297650
432115, 299098
432445, 301628
432356, 303017
435077, 299817
431073, 294185
435722, 299619
432962, 294831

444838, 303093
443401, 305972
442708, 302957
443706, 307136
443106, 302107
443167, 307288
443323, 301083
440766, 306249
440330, 303495
440044, 305056
443749, 308914
445320, 300234

426272, 299207
425177, 300915
428361, 300762
429948, 298106
430315, 297650
432115, 299098
432445, 301628
432356, 303017
422151, 305040
420771, 303239
431073, 294185
432962, 294831

422151, 305040
425177, 300915
426707, 300399
426272, 299207
428361, 300762
426282, 311020
429948, 298106
430315, 297650
432356, 303017
430448, 309617
432445, 301628
432115, 299098

453398, 290719
453814, 287748
449095, 289080
453425, 294242
448322, 288526
457920, 289250
451412, 295370
450498, 295321
449516, 295232
447144, 293258
454726, 283028
451179, 282026

440044, 305056
438688, 307310
441706, 308450
443167, 307288
443401, 305972
440330, 303495
438419, 307993
443706, 307136
442708, 302957
436951, 305651
444286, 304612
443749, 308914

443676, 296613
443064, 296700
441954, 295230
442899, 292309
447144, 293258
445217, 299720
448515, 297374
440601, 298220
439513, 294491
445320, 300234
449516, 295232
443323, 301083

430315, 297650
432115, 299098
428361, 300762
426272, 299207
426707, 300399
431073, 294185
432445, 301628
432962, 294831
435310, 297718
435077, 299817
432356, 303017
434794, 295549

440561, 315552
440051, 315189
439444, 312236
444161, 310321
447453, 310713
443749, 308914
437555, 310760
441706, 308450
443167, 307288
443706, 307136
434158, 311158
438419, 307993

430315, 297650
429948, 298106
432445, 301628
435077, 299817
435310, 297718
435722, 299619
432356, 303017
428361, 300762
432962, 294831
434794, 295549
436347, 301376
431073, 294185

444286, 304612
443106, 302107
442708, 302957
443323, 301083
445320, 300234
443401, 305972
445217, 299720
443706, 307136
443167, 307288
440330, 303495
449331, 302362
440766, 306249

434103, 276164
424828, 279786
441073, 278586
436957, 284511
437269, 285059
431964, 288819
445008, 279322
441093, 286428
432759, 291845
432945, 292635
447070, 283146
432581, 293069

444161, 310321
443167, 307288
443706, 307136
441706, 308450
443401, 305972
440766, 306249
447453, 310713
444286, 304612
438688, 307310
440044, 305056
438419, 307993
439444, 312236

477590, 328969
479795, 326937
452482, 307651
451408, 304435
451944, 303651
447453, 310713
454578, 298751
451568, 300326
459844, 295063
449331, 302362
451578, 298914
450577, 299665

449095, 289080
452900, 289904
447144, 293258
447070, 283146
453398, 290719
453814, 287748
442899, 292309
449516, 295232
451179, 282026
450498, 295321
451412, 295370
441093, 286428

435722, 299619
435077, 299817
437267, 296718
434794, 295549
432115, 299098
432962, 294831
436347, 301376
437647, 294591
433808, 293791
432445, 301628
430315, 297650
439513, 294491

437647, 294591
439513, 294491
433808, 293791
434794, 295549
437267, 296718
432945, 292635
432759, 291845
441954, 295230
432581, 293069
432962, 294831
442899, 292309
435310, 297718

431363, 275182
434103, 276164
431964, 288819
436957, 284511
437269, 285059
432759, 291845
412731, 287774
432945, 292635
432581, 293069
431073, 294185
441073, 278586
433808, 293791

437269, 285059
436957, 284511
442899, 292309
447070, 283146
437649, 292557
448322, 288526
441073, 278586
445008, 279322
439513, 294491
449095, 289080
441954, 295230
437647, 294591

451568, 300326
451578, 298914
449331, 302362
448515, 297374
454578, 298751
451944, 303651
450498, 295321
451412, 295370
449516, 295232
451408, 304435
445320, 300234
445217, 299720

450577, 299665
451578, 298914
449331, 302362
451944, 303651
454578, 298751
451408, 304435
448515, 297374
451412, 295370
450498, 295321
449516, 295232
445320, 300234
453425, 294242

435813, 305545
436771, 306958
436951, 305651
432356, 303017
430448, 309617
434158, 311158
438419, 307993
438688, 307310
432445, 301628
437555, 310760
436347, 301376
440044, 305056

443064, 296700
444311, 295202
441954, 295230
445217, 299720
440601, 298220
445320, 300234
442899, 292309
443323, 301083
439513, 294491
447144, 293258
448515, 297374
443106, 302107

443676, 296613
441954, 295230
444311, 295202
440601, 298220
445217, 299720
439513, 294491
445320, 300234
443323, 301083
442899, 292309
447144, 293258
439804, 300978
443106, 302107

440051, 315189
439444, 312236
443540, 319516
437555, 310760
444161, 310321
441706, 308450
443749, 308914
434158, 311158
438419, 307993
447453, 310713
438688, 307310
443167, 307288

432581, 293069
432759, 291845
433808, 293791
432962, 294831
431073, 294185
434794, 295549
431964, 288819
437649, 292557
437647, 294591
435310, 297718
430315, 297650
437267, 296718

432945, 292635
432581, 293069
433808, 293791
431073, 294185
432962, 294831
431964, 288819
434794, 295549
437649, 292557
437647, 294591
430315, 297650
435310, 297718
437267, 296718

440766, 306249
440330, 303495
438688, 307310
436951, 305651
438419, 307993
442708, 302957
443401, 305972
441706, 308450
436771, 306958
443167, 307288
439804, 300978
443706, 307136

436951, 305651
436771, 306958
433645, 306847
438688, 307310
438419, 307993
436347, 301376
440044, 305056
432356, 303017
440330, 303495
440766, 306249
432445, 301628
437555, 310760

435077, 299817
436347, 301376
435310, 297718
437267, 296718
432115, 299098
432445, 301628
434794, 295549
439804, 300978
432356, 303017
440601, 298220
437647, 294591
432962, 294831

445217, 299720
443323, 301083
444838, 303093
443106, 302107
442708, 302957
443676, 296613
443064, 296700
448515, 297374
444286, 304612
449331, 302362
440601, 298220
444311, 295202

449516, 295232
444311, 295202
450498, 295321
448515, 297374
442899, 292309
449095, 289080
451412, 295370
443676, 296613
448322, 288526
443064, 296700
441954, 295230
453425, 294242

437555, 310760
440051, 315189
440561, 315552
438419, 307993
441706, 308450
438688, 307310
444161, 310321
434158, 311158
443749, 308914
436771, 306958
440766, 306249
443167, 307288

442708, 302957
443323, 301083
444838, 303093
444286, 304612
445320, 300234
440330, 303495
445217, 299720
439804, 300978
443401, 305972
440044, 305056
440601, 298220
440766, 306249

451408, 304435
451944, 303651
447453, 310713
449331, 302362
451568, 300326
450577, 299665
444161, 310321
444286, 304612
451578, 298914
443706, 307136
443749, 308914
444838, 303093

437555, 310760
430448, 309617
433645, 306847
436771, 306958
438419, 307993
439444, 312236
435813, 305545
438688, 307310
436951, 305651
440051, 315189
440561, 315552
426282, 311020

443167, 307288
443401, 305972
443749, 308914
441706, 308450
444286, 304612
440766, 306249
444161, 310321
444838, 303093
440044, 305056
442708, 302957
440330, 303495
438688, 307310

441073, 278586
447070, 283146
451179, 282026
451588, 275478
441093, 286428
436957, 284511
437269, 285059
448322, 288526
454726, 283028
449095, 289080
434103, 276164
453814, 287748

439444, 312236
438419, 307993
434158, 311158
438688, 307310
436771, 306958
441706, 308450
440051, 315189
436951, 305651
435813, 305545
433645, 306847
440766, 306249
440561, 315552

439513, 294491
437649, 292557
437267, 296718
434794, 295549
435310, 297718
433808, 293791
441954, 295230
440601, 298220
432962, 294831
432945, 292635
432581, 293069
435722, 299619

440330, 303495
440601, 298220
436347, 301376
443106, 302107
442708, 302957
443323, 301083
440044, 305056
435722, 299619
435077, 299817
437267, 296718
440766, 306249
443064, 296700

432356, 303017
432115, 299098
435077, 299817
435722, 299619
436347, 301376
428361, 300762
429948, 298106
430315, 297650
435310, 297718
435813, 305545
433645, 306847
426707, 300399

451179, 282026
453814, 287748
457920, 289250
452900, 289904
447070, 283146
453398, 290719
451588, 275478
449095, 289080
448322, 288526
445008, 279322
453425, 294242
447144, 293258

440561, 315552
439444, 312236
437555, 310760
443540, 319516
444161, 310321
441706, 308450
434158, 311158
443749, 308914
438419, 307993
438688, 307310
443167, 307288
447453, 310713

432445, 301628
432115, 299098
433645, 306847
435077, 299817
435813, 305545
436347, 301376
428361, 300762
435722, 299619
436951, 305651
429948, 298106
430315, 297650
436771, 306958

436951, 305651
435813, 305545
438419, 307993
438688, 307310
433645, 306847
440044, 305056
437555, 310760
440766, 306249
434158, 311158
440330, 303495
441706, 308450
436347, 301376

451578, 298914
451568, 300326
450577, 299665
451412, 295370
453425, 294242
450498, 295321
451944, 303651
449516, 295232
448515, 297374
449331, 302362
459844, 295063
451408, 304435

420771, 303239
425177, 300915
426707, 300399
426272, 299207
426282, 311020
428361, 300762
430448, 309617
432356, 303017
429948, 298106
432445, 301628
430315, 297650
432115, 299098

445320, 300234
443323, 301083
443106, 302107
444838, 303093
443676, 296613
443064, 296700
448515, 297374
442708, 302957
444311, 295202
440601, 298220
449331, 302362
444286, 304612

449516, 295232
450498, 295321
450577, 299665
451578, 298914
451412, 295370
445217, 299720
451568, 300326
445320, 300234
447144, 293258
444311, 295202
443676, 296613
449331, 302362

444161, 310321
443749, 308914
443706, 307136
443167, 307288
452482, 307651
441706, 308450
443401, 305972
444286, 304612
451408, 304435
440766, 306249
444838, 303093
439444, 312236

426707, 300399
425177, 300915
428361, 300762
429948, 298106
430315, 297650
432115, 299098
432445, 301628
420771, 303239
431073, 294185
422151, 305040
432356, 303017
432962, 294831

453814, 287748
453398, 290719
452900, 289904
459844, 295063
453425, 294242
454726, 283028
449095, 289080
451412, 295370
450498, 295321
448322, 288526
451179, 282026
454578, 298751

435813, 305545
436771, 306958
438688, 307310
438419, 307993
440044, 305056
433645, 306847
440766, 306249
440330, 303495
436347, 301376
437555, 310760
432356, 303017
439804, 300978

441954, 295230
444311, 295202
439513, 294491
447144, 293258
443676, 296613
443064, 296700
437649, 292557
437647, 294591
441093, 286428
440601, 298220
448322, 288526
449095, 289080

432962, 294831
432581, 293069
432945, 292635
434794, 295549
432759, 291845
431073, 294185
437647, 294591
437649, 292557
435310, 297718
437267, 296718
430315, 297650
431964, 288819

437647, 294591
441954, 295230
437649, 292557
437267, 296718
440601, 298220
442899, 292309
443064, 296700
443676, 296613
434794, 295549
444311, 295202
435310, 297718
433808, 293791

430448, 309617
422151, 305040
434158, 311158
433645, 306847
420771, 303239
432356, 303017
425177, 300915
428361, 300762
426707, 300399
435813, 305545
432445, 301628
436771, 306958

435722, 299619
435077, 299817
439804, 300978
435310, 297718
432445, 301628
435813, 305545
432356, 303017
436951, 305651
440330, 303495
437267, 296718
432115, 299098
440044, 305056

432759, 291845
432945, 292635
432581, 293069
433808, 293791
431073, 294185
432962, 294831
437269, 285059
436957, 284511
437649, 292557
434794, 295549
437647, 294591
430315, 297650

437647, 294591
435310, 297718
434794, 295549
439513, 294491
435722, 299619
440601, 298220
435077, 299817
437649, 292557
433808, 293791
432962, 294831
436347, 301376
441954, 295230

443706, 307136
443167, 307288
444286, 304612
440766, 306249
443749, 308914
441706, 308450
442708, 302957
444838, 303093
440044, 305056
443106, 302107
440330, 303495
444161, 310321

439804, 300978
443064, 296700
441954, 295230
443676, 296613
437267, 296718
439513, 294491
443323, 301083
443106, 302107
437647, 294591
444311, 295202
445217, 299720
435722, 299619

450498, 295321
451412, 295370
448515, 297374
447144, 293258
453425, 294242
451578, 298914
450577, 299665
444311, 295202
451568, 300326
453398, 290719
443676, 296613
454578, 298751

445008, 279322
436957, 284511
434103, 276164
437269, 285059
447070, 283146
441093, 286428
431363, 275182
451179, 282026
451588, 275478
448322, 288526
449095, 289080
431964, 288819

424828, 279786
420771, 303239
426272, 299207
425177, 300915
426707, 300399
431964, 288819
431073, 294185
422151, 305040
429948, 298106
430315, 297650
428361, 300762
432759, 291845

435722, 299619
436347, 301376
435310, 297718
432115, 299098
432445, 301628
437267, 296718
432356, 303017
434794, 295549
439804, 300978
430315, 297650
429948, 298106
432962, 294831

454726, 283028
447070, 283146
453814, 287748
451588, 275478
445008, 279322
448322, 288526
449095, 289080
452900, 289904
453398, 290719
457920, 289250
441073, 278586
441093, 286428

451412, 295370
449516, 295232
448515, 297374
453425, 294242
451578, 298914
447144, 293258
450577, 299665
451568, 300326
454578, 298751
453398, 290719
452900, 289904
444311, 295202

457920, 289250
454578, 298751
453425, 294242
453398, 290719
451412, 295370
452900, 289904
451578, 298914
450498, 295321
453814, 287748
451568, 300326
449516, 295232
450577, 299665

432945, 292635
432759, 291845
433808, 293791
432962, 294831
431073, 294185
434794, 295549
431964, 288819
437649, 292557
430315, 297650
437647, 294591
435310, 297718
429948, 298106

452900, 289904
453814, 287748
453425, 294242
449095, 289080
457920, 289250
451412, 295370
450498, 295321
448322, 288526
449516, 295232
447144, 293258
459844, 295063
454726, 283028

443167, 307288
443749, 308914
443706, 307136
440766, 306249
443401, 305972
444161, 310321
438688, 307310
438419, 307993
440044, 305056
439444, 312236
444286, 304612
437555, 310760

451179, 282026
445008, 279322
448322, 288526
449095, 289080
441093, 286428
441073, 278586
454726, 283028
453814, 287748
451588, 275478
452900, 289904
453398, 290719
437269, 285059

443706, 307136
443401, 305972
443749, 308914
441706, 308450
440766, 306249
444286, 304612
444161, 310321
440044, 305056
442708, 302957
438688, 307310
444838, 303093
440330, 303495

436404, 408471
437285, 409028
433415, 404454
441361, 406608
439196, 402696
441898, 408694
432272, 409459
432273, 403563
442001, 409430
433423, 401663
441285, 411831
432460, 401362

436404, 408471
437025, 406583
441898, 408694
442001, 409430
441361, 406608
441285, 411831
432272, 409459
433415, 404454
439196, 402696
432273, 403563
442812, 414100
433423, 401663

449910, 389150
450107, 387839
445365, 383826
451260, 389961
445261, 393861
444614, 383013
440782, 390037
440743, 390173
442235, 393106
446041, 394731
444918, 394658
450953, 393997

445261, 393861
446041, 394731
441988, 395642
442235, 393106
442343, 397326
446232, 398472
446840, 398303
442065, 397978
440638, 393365
440434, 395550
441708, 398114
450842, 395692

456858, 411818
456043, 410937
463039, 400074
454508, 418867
453223, 406490
454464, 402417
449381, 413551
449611, 408331
456244, 396890
453774, 398237
447912, 410438
452682, 398918

425150, 404357
425084, 407566
425649, 403061
428834, 406756
427135, 400463
428736, 400383
432273, 403563
432272, 409459
433415, 404454
425564, 398114
432460, 401362
418281, 402790

441729, 421346
454508, 418867
449381, 413551
440556, 419742
446013, 413153
442812, 414100
447912, 410438
441285, 411831
446259, 408410
449611, 408331
456858, 411818
442001, 409430

450842, 395692
450995, 395065
450953, 393997
452994, 394962
452682, 398918
453774, 398237
446840, 398303
446232, 398472
447411, 400313
446041, 394731
456244, 396890
445261, 393861

446232, 398472
447411, 400313
446041, 394731
444918, 394658
450954, 396587
442343, 397326
442797, 400662
445261, 393861
450842, 395692
442065, 397978
441708, 398114
450995, 395065

441708, 398114
442343, 397326
441988, 395642
442797, 400662
440434, 395550
438803, 396523
442622, 401780
446232, 398472
444918, 394658
446840, 398303
440638, 393365
442235, 393106

446840, 398303
447411, 400313
446041, 394731
444918, 394658
442343, 397326
442797, 400662
442065, 397978
441708, 398114
445261, 393861
442622, 401780
445490, 403420
450954, 396587

418281, 402790
412143, 398087
425084, 407566
419502, 398891
425150, 404357
426012, 405917
425649, 403061
428834, 406756
422795, 396789
423359, 397004
422319, 396127
427135, 400463

446259, 408410
449611, 408331
446013, 413153
449381, 413551
447384, 406279
442001, 409430
441898, 408694
442812, 414100
453223, 406490
441285, 411831
448944, 403734
445490, 403420

435285, 432241
441729, 421346
447887, 420362
440556, 419742
428154, 422509
454508, 418867
442812, 414100
446013, 413153
449381, 413551
441285, 411831
447912, 410438
442001, 409430

446013, 413153
447912, 410438
449611, 408331
446259, 408410
442812, 414100
447887, 420362
456043, 410937
454508, 418867
447384, 406279
456858, 411818
453223, 406490
441285, 411831

439734, 382128
432510, 381810
440965, 381719
433333, 386503
444614, 383013
445365, 383826
436472, 389040
426110, 379490
437023, 390588
440782, 390037
440743, 390173
436629, 391034

442235, 393106
440434, 395550
441988, 395642
440743, 390173
440782, 390037
438803, 396523
442343, 397326
444918, 394658
437023, 390588
436629, 391034
445261, 393861
442065, 397978

442622, 401780
442797, 400662
437025, 406583
441361, 406608
441708, 398114
442065, 397978
433423, 401663
433415, 404454
438803, 396523
442343, 397326
445490, 403420
436404, 408471

425089, 395800
429013, 394981
422319, 396127
423359, 397004
422795, 396789
425564, 398114
430536, 389744
427135, 400463
431592, 397787
428736, 400383
419502, 398891
434570, 392674

453774, 398237
452994, 394962
452682, 398918
450954, 396587
450842, 395692
450995, 395065
454464, 402417
450953, 393997
463039, 400074
451260, 389961
447411, 400313
446840, 398303

422795, 396789
422319, 396127
418281, 402790
423359, 397004
425564, 398114
425089, 395800
412143, 398087
425649, 403061
427135, 400463
425150, 404357
425272, 392774
428736, 400383

441988, 395642
438803, 396523
440638, 393365
442343, 397326
441708, 398114
442065, 397978
442235, 393106
444918, 394658
435432, 394646
445261, 393861
440743, 390173
440782, 390037

433333, 386503
436663, 378782
426110, 379490
439734, 382128
430536, 389744
436472, 389040
440965, 381719
437023, 390588
436629, 391034
434570, 392674
440782, 390037
440743, 390173

446840, 398303
446232, 398472
445490, 403420
448944, 403734
442797, 400662
442622, 401780
450954, 396587
452682, 398918
446041, 394731
450842, 395692
442065, 397978
442343, 397326

440782, 390037
440638, 393365
442235, 393106
437023, 390588
436629, 391034
436472, 389040
440434, 395550
441988, 395642
445261, 393861
446310, 388359
444918, 394658
438803, 396523

419502, 398891
425150, 404357
425649, 403061
422795, 396789
423359, 397004
412143, 398087
422319, 396127
425084, 407566
426012, 405917
425564, 398114
427135, 400463
425089, 395800

454293, 381285
444614, 383013
445365, 383826
450107, 387839
440965, 381719
449910, 389150
451260, 389961
446310, 388359
439734, 382128
459715, 360163
436663, 378782
450953, 393997

433423, 401663
432273, 403563
433415, 404454
431592, 397787
428736, 400383
427135, 400463
428834, 406756
439196, 402696
437025, 406583
425649, 403061
429013, 394981
435432, 394646

425089, 395800
423359, 397004
427135, 400463
422795, 396789
422319, 396127
428736, 400383
429013, 394981
425649, 403061
425272, 392774
431592, 397787
419502, 398891
425150, 404357

433415, 404454
432460, 401362
433423, 401663
428834, 406756
428736, 400383
437025, 406583
431592, 397787
432272, 409459
427135, 400463
436404, 408471
425649, 403061
426012, 405917

444918, 394658
445261, 393861
446840, 398303
446232, 398472
442235, 393106
441988, 395642
442343, 397326
450842, 395692
450995, 395065
450953, 393997
442065, 397978
450954, 396587

437023, 390588
436629, 391034
433333, 386503
434570, 392674
440743, 390173
440782, 390037
435432, 394646
430536, 389744
440638, 393365
442235, 393106
440434, 395550
439734, 382128

419502, 398891
418281, 402790
422319, 396127
422795, 396789
423359, 397004
425089, 395800
412182, 411246
425564, 398114
425272, 392774
425649, 403061
425150, 404357
427135, 400463

452682, 398918
453774, 398237
453223, 406490
448944, 403734
456244, 396890
450954, 396587
447411, 400313
452994, 394962
450842, 395692
449611, 408331
447384, 406279
450995, 395065

437023, 390588
436472, 389040
434570, 392674
435432, 394646
440743, 390173
440782, 390037
440638, 393365
433333, 386503
438803, 396523
440434, 395550
442235, 393106
430536, 389744

450107, 387839
451260, 389961
446310, 388359
450953, 393997
450995, 395065
452994, 394962
450842, 395692
445261, 393861
446041, 394731
445365, 383826
444918, 394658
450954, 396587

450995, 395065
450954, 396587
450953, 393997
452994, 394962
452682, 398918
453774, 398237
446840, 398303
446041, 394731
446232, 398472
456244, 396890
451260, 389961
447411, 400313

445365, 383826
440965, 381719
439734, 382128
446310, 388359
450107, 387839
440782, 390037
449910, 389150
440743, 390173
436663, 378782
451260, 389961
454293, 381285
436472, 389040

439734, 382128
444614, 383013
445365, 383826
436663, 378782
440782, 390037
432510, 381810
440743, 390173
446310, 388359
436472, 389040
433333, 386503
437023, 390588
436629, 391034

453769, 375038
450107, 387839
449910, 389150
451260, 389961
445365, 383826
444614, 383013
446310, 388359
450953, 393997
440965, 381719
452994, 394962
450995, 395065
439734, 382128

425150, 404357
426012, 405917
427135, 400463
428736, 400383
425084, 407566
428834, 406756
425564, 398114
423359, 397004
432273, 403563
422795, 396789
432460, 401362
425089, 395800

432460, 401362
432273, 403563
433415, 404454
431592, 397787
428736, 400383
439196, 402696
437025, 406583
427135, 400463
428834, 406756
435432, 394646
436404, 408471
438803, 396523

428736, 400383
425564, 398114
425649, 403061
425150, 404357
425089, 395800
423359, 397004
431592, 397787
432460, 401362
426012, 405917
422795, 396789
429013, 394981
432273, 403563

428154, 422509
443752, 440940
441729, 421346
440556, 419742
447887, 420362
442812, 414100
441285, 411831
446013, 413153
432272, 409459
437285, 409028
449381, 413551
454508, 418867

425649, 403061
426012, 405917
425084, 407566
427135, 400463
428834, 406756
428736, 400383
425564, 398114
418281, 402790
432273, 403563
423359, 397004
419502, 398891
432460, 401362

449611, 408331
454464, 402417
448944, 403734
456043, 410937
447384, 406279
456858, 411818
447912, 410438
446259, 408410
452682, 398918
449381, 413551
453774, 398237
445490, 403420

442065, 397978
442343, 397326
441988, 395642
442797, 400662
440434, 395550
438803, 396523
442622, 401780
446232, 398472
444918, 394658
440638, 393365
442235, 393106
446840, 398303

444614, 383013
446310, 388359
440965, 381719
439734, 382128
450107, 387839
449910, 389150
440782, 390037
440743, 390173
451260, 389961
454293, 381285
442235, 393106
445261, 393861

447912, 410438
442812, 414100
449381, 413551
446259, 408410
441285, 411831
442001, 409430
449611, 408331
441898, 408694
447384, 406279
447887, 420362
441361, 406608
440556, 419742

456043, 410937
453223, 406490
454508, 418867
449381, 413551
449611, 408331
447912, 410438
454464, 402417
446013, 413153
447384, 406279
446259, 408410
448944, 403734
447887, 420362

432273, 403563
433423, 401663
432460, 401362
437025, 406583
436404, 408471
428834, 406756
432272, 409459
437285, 409028
439196, 402696
428736, 400383
431592, 397787
427135, 400463

432510, 381810
433333, 386503
436663, 378782
430536, 389744
425272, 392774
439734, 382128
436472, 389040
440965, 381719
437023, 390588
436629, 391034
434570, 392674
429013, 394981

426012, 405917
425084, 407566
432272, 409459
425150, 404357
432273, 403563
425649, 403061
433415, 404454
428736, 400383
432460, 401362
427135, 400463
433423, 401663
436404, 408471

442622, 401780
447384, 406279
448944, 403734
447411, 400313
442797, 400662
446232, 398472
446259, 408410
441361, 406608
446840, 398303
439196, 402696
441898, 408694
449611, 408331

440556, 419742
447887, 420362
442812, 414100
446013, 413153
441285, 411831
449381, 413551
442001, 409430
447912, 410438
441898, 408694
435285, 432241
454508, 418867
437285, 409028

442622, 401780
441708, 398114
442065, 397978
442343, 397326
445490, 403420
446232, 398472
439196, 402696
447411, 400313
446840, 398303
441988, 395642
440434, 395550
438803, 396523

440638, 393365
441988, 395642
440434, 395550
444918, 394658
445261, 393861
440743, 390173
440782, 390037
446041, 394731
442343, 397326
438803, 396523
442065, 397978
441708, 398114

436629, 391034
436472, 389040
434570, 392674
440743, 390173
440782, 390037
435432, 394646
440638, 393365
433333, 386503
442235, 393106
440434, 395550
438803, 396523
430536, 389744

423359, 397004
422319, 396127
425089, 395800
425564, 398114
419502, 398891
425272, 392774
427135, 400463
429013, 394981
425649, 403061
428736, 400383
418281, 402790
425150, 404357

440434, 395550
442343, 397326
442065, 397978
441708, 398114
442235, 393106
440638, 393365
444918, 394658
438803, 396523
445261, 393861
446041, 394731
442797, 400662
446232, 398472

456858, 411818
453223, 406490
449611, 408331
449381, 413551
454508, 418867
447912, 410438
454464, 402417
447384, 406279
446259, 408410
448944, 403734
446013, 413153
447887, 420362

435285, 432241
440556, 419742
441729, 421346
432272, 409459
425084, 407566
428834, 406756
437285, 409028
436404, 408471
426012, 405917
442812, 414100
441285, 411831
437025, 406583

449910, 389150
451260, 389961
446310, 388359
445365, 383826
450953, 393997
450995, 395065
444614, 383013
452994, 394962
445261, 393861
454293, 381285
450842, 395692
446041, 394731

452682, 398918
456244, 396890
450954, 396587
452994, 394962
450842, 395692
450995, 395065
454464, 402417
450953, 393997
447411, 400313
446840, 398303
448944, 403734
446232, 398472

432460, 401362
429013, 394981
428736, 400383
433423, 401663
435432, 394646
427135, 400463
432273, 403563
434570, 392674
425564, 398114
425089, 395800
433415, 404454
438803, 396523

440965, 381719
436663, 378782
444614, 383013
445365, 383826
432510, 381810
436472, 389040
433333, 386503
440782, 390037
440743, 390173
437023, 390588
446310, 388359
436629, 391034

442797, 400662
445490, 403420
439196, 402696
441708, 398114
442065, 397978
442343, 397326
446232, 398472
441361, 406608
447411, 400313
446840, 398303
441988, 395642
438803, 396523

450842, 395692
450953, 393997
450954, 396587
452994, 394962
452682, 398918
453774, 398237
446041, 394731
451260, 389961
446840, 398303
456244, 396890
446232, 398472
445261, 393861

450995, 395065
450842, 395692
452994, 394962
450954, 396587
451260, 389961
449910, 389150
446041, 394731
453774, 398237
452682, 398918
445261, 393861
446840, 398303
456244, 396890

442001, 409430
442812, 414100
441898, 408694
437285, 409028
446013, 413153
441361, 406608
436404, 408471
446259, 408410
437025, 406583
447912, 410438
440556, 419742
447384, 406279

441898, 408694
442001, 409430
437025, 406583
439196, 402696
437285, 409028
442622, 401780
445490, 403420
446259, 408410
441285, 411831
436404, 408471
447384, 406279
442797, 400662

435432, 394646
436629, 391034
437023, 390588
436472, 389040
430536, 389744
438803, 396523
431592, 397787
429013, 394981
440638, 393365
433333, 386503
440434, 395550
440743, 390173

442001, 409430
441361, 406608
441285, 411831
446259, 408410
437285, 409028
437025, 406583
442812, 414100
436404, 408471
447384, 406279
446013, 413153
447912, 410438
445490, 403420

422795, 396789
423359, 397004
425089, 395800
425564, 398114
419502, 398891
425272, 392774
427135, 400463
429013, 394981
425649, 403061
428736, 400383
418281, 402790
425150, 404357

444918, 394658
446041, 394731
442235, 393106
441988, 395642
442343, 397326
440638, 393365
446232, 398472
446840, 398303
440434, 395550
442065, 397978
441708, 398114
446310, 388359

456244, 396890
454464, 402417
453774, 398237
452682, 398918
452994, 394962
453223, 406490
450954, 396587
456043, 410937
450842, 395692
450995, 395065
456858, 411818
450953, 393997

449910, 389150
450107, 387839
450953, 393997
450995, 395065
446310, 388359
452994, 394962
450842, 395692
450954, 396587
446041, 394731
445261, 393861
444918, 394658
445365, 383826

423359, 397004
425564, 398114
422795, 396789
422319, 396127
425272, 392774
429013, 394981
427135, 400463
428736, 400383
419502, 398891
431592, 397787
425649, 403061
430536, 389744

450995, 395065
450953, 393997
450842, 395692
450954, 396587
453774, 398237
456244, 396890
452682, 398918
451260, 389961
449910, 389150
446041, 394731
446840, 398303
454464, 402417

422795, 396789
422319, 396127
425089, 395800
425564, 398114
419502, 398891
425272, 392774
427135, 400463
429013, 394981
428736, 400383
425649, 403061
425150, 404357
418281, 402790

453774, 398237
450954, 396587
450842, 395692
454464, 402417
452994, 394962
456244, 396890
450995, 395065
450953, 393997
447411, 400313
446840, 398303
448944, 403734
446232, 398472

441729, 421346
442812, 414100
447887, 420362
441285, 411831
446013, 413153
442001, 409430
449381, 413551
441898, 408694
437285, 409028
447912, 410438
436404, 408471
446259, 408410

426012, 405917
425150, 404357
428834, 406756
425649, 403061
427135, 400463
432272, 409459
428736, 400383
432273, 403563
418281, 402790
433415, 404454
425564, 398114
432460, 401362

431592, 397787
425089, 395800
425272, 392774
425564, 398114
428736, 400383
430536, 389744
427135, 400463
423359, 397004
434570, 392674
435432, 394646
422795, 396789
422319, 396127

441898, 408694
441285, 411831
441361, 406608
446259, 408410
437285, 409028
442812, 414100
446013, 413153
436404, 408471
437025, 406583
447912, 410438
447384, 406279
445490, 403420

447912, 410438
447384, 406279
446259, 408410
453223, 406490
448944, 403734
449381, 413551
446013, 413153
445490, 403420
456043, 410937
454464, 402417
442001, 409430
441898, 408694

436404, 408471
428834, 406756
437285, 409028
433415, 404454
437025, 406583
432273, 403563
426012, 405917
425084, 407566
433423, 401663
432460, 401362
425150, 404357
425649, 403061

427135, 400463
432460, 401362
431592, 397787
425564, 398114
425649, 403061
432273, 403563
433423, 401663
425150, 404357
429013, 394981
425089, 395800
426012, 405917
433415, 404454

436472, 389040
430536, 389744
432510, 381810
437023, 390588
436629, 391034
434570, 392674
439734, 382128
440782, 390037
440743, 390173
436663, 378782
435432, 394646
440965, 381719

446259, 408410
448944, 403734
449611, 408331
445490, 403420
447912, 410438
453223, 406490
447411, 400313
441898, 408694
441361, 406608
442001, 409430
442622, 401780
446013, 413153

447384, 406279
445490, 403420
447411, 400313
449611, 408331
453223, 406490
446259, 408410
454464, 402417
446840, 398303
446232, 398472
452682, 398918
442622, 401780
447912, 410438

440743, 390173
440638, 393365
442235, 393106
437023, 390588
436629, 391034
436472, 389040
440434, 395550
441988, 395642
446310, 388359
445261, 393861
444918, 394658
434570, 392674

447887, 420362
449381, 413551
456858, 411818
456043, 410937
446013, 413153
447912, 410438
449611, 408331
453223, 406490
442812, 414100
441729, 421346
446259, 408410
440556, 419742

440434, 395550
441988, 395642
441708, 398114
442065, 397978
442343, 397326
440638, 393365
435432, 394646
442235, 393106
434570, 392674
442797, 400662
436629, 391034
439196, 402696

447384, 406279
447912, 410438
449611, 408331
441898, 408694
442001, 409430
446013, 413153
445490, 403420
441361, 406608
448944, 403734
449381, 413551
441285, 411831
442812, 414100

433333, 386503
434570, 392674
429013, 394981
436472, 389040
425272, 392774
436629, 391034
437023, 390588
435432, 394646
431592, 397787
425089, 395800
432510, 381810
425564, 398114

441285, 411831
446013, 413153
442001, 409430
441898, 408694
440556, 419742
447912, 410438
449381, 413551
446259, 408410
441729, 421346
437285, 409028
441361, 406608
447887, 420362

442065, 397978
441708, 398114
441988, 395642
440434, 395550
442797, 400662
438803, 396523
444918, 394658
446232, 398472
442235, 393106
440638, 393365
442622, 401780
446041, 394731

434570, 392674
436629, 391034
438803, 396523
437023, 390588
431592, 397787
440434, 395550
440638, 393365
436472, 389040
429013, 394981
441988, 395642
430536, 389744
440743, 390173

437285, 409028
437025, 406583
432272, 409459
433415, 404454
441361, 406608
441898, 408694
442001, 409430
441285, 411831
439196, 402696
432273, 403563
433423, 401663
428834, 406756

486179, 360086
491801, 359322
487611, 354577
483030, 357571
492576, 360553
490997, 362968
488266, 353455
493650, 358896
490238, 364288
481628, 360157
491003, 352797
480831, 359673

506024, 353145
507296, 351560
508804, 351601
508353, 350501
501372, 355195
502727, 357963
508293, 360268
504041, 347182
501393, 347197
504636, 344942
502093, 346074
498273, 355747

508804, 351601
507296, 351560
507029, 353531
506024, 353145
504041, 347182
504636, 344942
502093, 346074
501393, 347197
501372, 355195
502727, 357963
500683, 344816
508293, 360268

491003, 352797
490818, 351336
492616, 352620
492279, 350885
491708, 349434
490240, 349365
493057, 349563
488266, 353455
487611, 354577
492099, 347739
495568, 353232
495416, 354339

508293, 360268
507029, 353531
508804, 351601
502727, 357963
506024, 353145
507296, 351560
508353, 350501
501372, 355195
498284, 365430
498273, 355747
497250, 369946
497048, 357025

485877, 351288
485663, 349665
487611, 354577
484899, 348600
488266, 353455
483030, 357571
480240, 348534
482053, 347293
490818, 351336
478434, 356756
491003, 352797
490240, 349365

480831, 359673
483030, 357571
478321, 360052
478297, 357861
486179, 360086
478434, 356756
477243, 364459
487658, 358781
474062, 360848
484023, 352626
487611, 354577
488266, 353455

480240, 348534
478759, 345532
473585, 353015
482053, 347293
471427, 350748
472141, 352581
478434, 356756
484023, 352626
484899, 348600
478297, 357861
485663, 349665
481435, 341911

479795, 326937
481567, 335959
483674, 334895
488293, 326823
477926, 340449
476665, 340422
481435, 341911
490364, 337140
490076, 338149
483915, 343269
485549, 343223
467224, 316312

492099, 347739
493057, 349563
490845, 346487
491708, 349434
490332, 344869
492279, 350885
490240, 349365
489461, 346701
497608, 343426
490243, 342981
490818, 351336
492616, 352620

485663, 349665
484023, 352626
484899, 348600
488266, 353455
487611, 354577
490240, 349365
490818, 351336
491003, 352797
491213, 352071
482053, 347293
489461, 346701
491708, 349434

499546, 343520
500683, 344816
496603, 340183
499413, 339178
494217, 346882
502093, 346074
501393, 347197
492276, 341239
492993, 339914
492099, 347739
504636, 344942
490243, 342981

491708, 349434
492279, 350885
492099, 347739
490240, 349365
490818, 351336
494217, 346882
492616, 352620
491213, 352071
490845, 346487
491003, 352797
495568, 353232
489461, 346701

481567, 335959
490364, 337140
490076, 338149
481435, 341911
490062, 339636
477926, 340449
483915, 343269
477590, 328969
485549, 343223
488654, 342212
479795, 326937
476665, 340422

483915, 343269
488701, 343806
488654, 342212
489126, 343604
481435, 341911
490243, 342981
490332, 344869
489461, 346701
482053, 347293
484899, 348600
490062, 339636
490845, 346487

483915, 343269
477926, 340449
485549, 343223
478759, 345532
476665, 340422
482053, 347293
481567, 335959
480240, 348534
488654, 342212
483674, 334895
488701, 343806
484899, 348600

491708, 349434
490845, 346487
493057, 349563
494217, 346882
490240, 349365
489461, 346701
492279, 350885
490332, 344869
490818, 351336
491213, 352071
492616, 352620
489126, 343604

488266, 353455
485877, 351288
491003, 352797
484023, 352626
487658, 358781
491213, 352071
490818, 351336
485663, 349665
492616, 352620
483030, 357571
486179, 360086
490240, 349365

497048, 357025
497109, 353916
496315, 353783
501372, 355195
495416, 354339
496542, 353023
495568, 353232
494321, 356081
502727, 357963
493650, 358896
492616, 352620
491801, 359322

467281, 354885
474062, 360848
472141, 352581
471427, 350748
473585, 353015
453769, 375038
477243, 364459
478321, 360052
478297, 357861
478434, 356756
477238, 349535
480831, 359673

502727, 357963
507029, 353531
514802, 363319
506024, 353145
501372, 355195
508804, 351601
507296, 351560
508353, 350501
498273, 355747
498284, 365430
497048, 357025
497109, 353916

480240, 348534
482053, 347293
477238, 349535
481435, 341911
477926, 340449
476665, 340422
483915, 343269
484899, 348600
485549, 343223
485663, 349665
484023, 352626
471427, 350748

497250, 369946
492576, 360553
490997, 362968
493650, 358896
490692, 368092
490238, 364288
497048, 357025
502727, 357963
491801, 359322
498273, 355747
493113, 373761
494321, 356081

472141, 352581
473585, 353015
467281, 354885
477238, 349535
478759, 345532
480240, 348534
478434, 356756
478297, 357861
474062, 360848
482053, 347293
476665, 340422
478321, 360052

499413, 339178
497608, 343426
492993, 339914
499546, 343520
492276, 341239
500683, 344816
494280, 334449
490062, 339636
490076, 338149
490364, 337140
490243, 342981
501783, 335348

476665, 340422
481435, 341911
478759, 345532
481567, 335959
483915, 343269
482053, 347293
483674, 334895
485549, 343223
480240, 348534
477238, 349535
484899, 348600
488654, 342212

509272, 338191
506005, 335627
504636, 344942
508353, 350501
504041, 347182
508804, 351601
507296, 351560
502093, 346074
501783, 335348
503243, 332853
500683, 344816
501393, 347197

490076, 338149
490062, 339636
492993, 339914
492276, 341239
494280, 334449
488654, 342212
490243, 342981
489126, 343604
488701, 343806
496603, 340183
495052, 331958
483674, 334895

490238, 364288
492576, 360553
491801, 359322
493650, 358896
490692, 368092
487658, 358781
486179, 360086
494321, 356081
498284, 365430
497048, 357025
487611, 354577
497250, 369946

480240, 348534
484899, 348600
478759, 345532
485663, 349665
483915, 343269
477238, 349535
485549, 343223
481435, 341911
485877, 351288
484023, 352626
489461, 346701
488701, 343806

487658, 358781
483030, 357571
481628, 360157
480831, 359673
490997, 362968
491801, 359322
487611, 354577
490238, 364288
492576, 360553
488266, 353455
493650, 358896
484023, 352626

490845, 346487
489126, 343604
490243, 342981
488701, 343806
489461, 346701
488654, 342212
492099, 347739
492276, 341239
494217, 346882
490240, 349365
491708, 349434
485549, 343223

490997, 362968
490692, 368092
492576, 360553
491801, 359322
486179, 360086
487658, 358781
493650, 358896
498284, 365430
497250, 369946
494321, 356081
481628, 360157
483030, 357571

487611, 354577
491003, 352797
485877, 351288
491213, 352071
490818, 351336
484023, 352626
492616, 352620
490240, 349365
485663, 349665
492279, 350885
491708, 349434
487658, 358781

477926, 340449
481435, 341911
478759, 345532
481567, 335959
483915, 343269
482053, 347293
480240, 348534
483674, 334895
477238, 349535
485549, 343223
477590, 328969
471427, 350748

478434, 356756
478321, 360052
480831, 359673
481628, 360157
483030, 357571
474062, 360848
477243, 364459
473585, 353015
484023, 352626
472141, 352581
486179, 360086
477238, 349535

495416, 354339
497048, 357025
493650, 358896
496315, 353783
495568, 353232
497109, 353916
496542, 353023
492616, 352620
498273, 355747
491801, 359322
491003, 352797
492576, 360553

495052, 331958
490364, 337140
490076, 338149
492993, 339914
496603, 340183
490062, 339636
499413, 339178
492276, 341239
501783, 335348
503243, 332853
490243, 342981
497608, 343426

483674, 334895
477926, 340449
481435, 341911
476665, 340422
483915, 343269
477590, 328969
485549, 343223
490076, 338149
490364, 337140
479795, 326937
490062, 339636
488654, 342212

508353, 350501
508804, 351601
507029, 353531
506024, 353145
504041, 347182
501372, 355195
504636, 344942
501393, 347197
502093, 346074
502727, 357963
508293, 360268
500683, 344816

489126, 343604
488701, 343806
488654, 342212
490332, 344869
492276, 341239
490062, 339636
490845, 346487
489461, 346701
492993, 339914
485549, 343223
490076, 338149
492099, 347739

504041, 347182
502093, 346074
501393, 347197
500683, 344816
499546, 343520
508353, 350501
507296, 351560
497608, 343426
499413, 339178
508804, 351601
509272, 338191
506024, 353145

481628, 360157
480831, 359673
486179, 360086
478434, 356756
478297, 357861
487658, 358781
484023, 352626
478321, 360052
487611, 354577
488266, 353455
485877, 351288
485663, 349665

507029, 353531
507296, 351560
508804, 351601
508353, 350501
501372, 355195
502727, 357963
504041, 347182
508293, 360268
501393, 347197
502093, 346074
498273, 355747
504636, 344942

491801, 359322
493650, 358896
490997, 362968
490238, 364288
494321, 356081
487658, 358781
497048, 357025
486179, 360086
495416, 354339
498273, 355747
498284, 365430
496315, 353783

496315, 353783
495568, 353232
497109, 353916
495416, 354339
498273, 355747
494321, 356081
492616, 352620
497048, 357025
492279, 350885
493057, 349563
501372, 355195
491213, 352071

478321, 360052
474062, 360848
480831, 359673
481628, 360157
478297, 357861
478434, 356756
483030, 357571
486179, 360086
487658, 358781
473585, 353015
472141, 352581
490238, 364288

489461, 346701
490332, 344869
492099, 347739
490240, 349365
491708, 349434
489126, 343604
494217, 346882
488701, 343806
490243, 342981
493057, 349563
492279, 350885
488654, 342212

508353, 350501
507296, 351560
507029, 353531
506024, 353145
504041, 347182
504636, 344942
501372, 355195
501393, 347197
508293, 360268
502093, 346074
502727, 357963
500683, 344816

491708, 349434
490818, 351336
492099, 347739
492279, 350885
489461, 346701
493057, 349563
491213, 352071
490845, 346487
491003, 352797
492616, 352620
490332, 344869
488266, 353455

491213, 352071
491003, 352797
492279, 350885
490240, 349365
491708, 349434
492616, 352620
493057, 349563
488266, 353455
492099, 347739
487611, 354577
489461, 346701
490845, 346487

496603, 340183
499546, 343520
501783, 335348
497608, 343426
500683, 344816
492993, 339914
494280, 334449
503243, 332853
502093, 346074
492276, 341239
506005, 335627
504636, 344942

498273, 355747
494321, 356081
497109, 353916
495416, 354339
496315, 353783
493650, 358896
496542, 353023
495568, 353232
501372, 355195
492576, 360553
491801, 359322
502727, 357963

488701, 343806
490243, 342981
488654, 342212
490332, 344869
489461, 346701
490845, 346487
485549, 343223
492276, 341239
490062, 339636
492099, 347739
483915, 343269
492993, 339914

492276, 341239
490062, 339636
490076, 338149
496603, 340183
490364, 337140
490243, 342981
488654, 342212
489126, 343604
494280, 334449
490332, 344869
488701, 343806
497608, 343426

493113, 373761
497250, 369946
490692, 368092
498284, 365430
490238, 364288
490997, 362968
492576, 360553
493650, 358896
491801, 359322
502727, 357963
497048, 357025
508293, 360268

490076, 338149
490364, 337140
492276, 341239
488654, 342212
492993, 339914
490243, 342981
489126, 343604
488701, 343806
490332, 344869
485549, 343223
496603, 340183
494280, 334449

477590, 328969
488293, 326823
483674, 334895
481567, 335959
477926, 340449
476665, 340422
490364, 337140
481435, 341911
490076, 338149
495052, 331958
494280, 334449
490062, 339636

502093, 346074
500683, 344816
504041, 347182
504636, 344942
499546, 343520
497608, 343426
494217, 346882
507296, 351560
506024, 353145
496542, 353023
508353, 350501
497109, 353916

492993, 339914
490243, 342981
490062, 339636
488654, 342212
490076, 338149
489126, 343604
490332, 344869
488701, 343806
496603, 340183
490364, 337140
490845, 346487
497608, 343426

490238, 364288
490997, 362968
493113, 373761
497250, 369946
492576, 360553
498284, 365430
491801, 359322
486179, 360086
493650, 358896
487658, 358781
497397, 375702
481628, 360157

502727, 357963
498273, 355747
497109, 353916
497048, 357025
506024, 353145
496315, 353783
496542, 353023
507029, 353531
495416, 354339
495568, 353232
507296, 351560
494321, 356081

473585, 353015
471427, 350748
467281, 354885
477238, 349535
478434, 356756
478297, 357861
474062, 360848
480240, 348534
478759, 345532
478321, 360052
480831, 359673
482053, 347293

501393, 347197
500683, 344816
504041, 347182
504636, 344942
499546, 343520
497608, 343426
499413, 339178
507296, 351560
508353, 350501
494217, 346882
496603, 340183
506024, 353145

493057, 349563
490240, 349365
492279, 350885
492099, 347739
490818, 351336
491213, 352071
490845, 346487
492616, 352620
491003, 352797
489461, 346701
494217, 346882
490332, 344869

494280, 334449
490364, 337140
501783, 335348
490076, 338149
492993, 339914
503243, 332853
496603, 340183
499413, 339178
488293, 326823
490062, 339636
492276, 341239
506005, 335627

500683, 344816
497608, 343426
502093, 346074
501393, 347197
499413, 339178
496603, 340183
504636, 344942
504041, 347182
494217, 346882
492993, 339914
492276, 341239
501783, 335348

478321, 360052
477243, 364459
478297, 357861
478434, 356756
480831, 359673
481628, 360157
473585, 353015
472141, 352581
467281, 354885
483030, 357571
471427, 350748
477238, 349535

506005, 335627
513407, 340674
501783, 335348
503243, 332853
504636, 344942
499413, 339178
504041, 347182
502093, 346074
500683, 344816
499546, 343520
501393, 347197
508353, 350501

489126, 343604
488701, 343806
490243, 342981
490062, 339636
490332, 344869
485549, 343223
492276, 341239
490076, 338149
489461, 346701
490845, 346487
483915, 343269
492993, 339914

472141, 352581
471427, 350748
473585, 353015
474062, 360848
459715, 360163
477238, 349535
478434, 356756
478297, 357861
478321, 360052
477243, 364459
480831, 359673
480240, 348534

472141, 352581
471427, 350748
477238, 349535
478434, 356756
467281, 354885
478297, 357861
474062, 360848
480240, 348534
478321, 360052
478759, 345532
480831, 359673
482053, 347293

501372, 355195
498273, 355747
497048, 357025
506024, 353145
508293, 360268
507029, 353531
497109, 353916
496315, 353783
507296, 351560
496542, 353023
495416, 354339
495568, 353232

492576, 360553
493650, 358896
490997, 362968
494321, 356081
487658, 358781
490238, 364288
486179, 360086
497048, 357025
495416, 354339
487611, 354577
491003, 352797
492616, 352620

490845, 346487
490332, 344869
490240, 349365
492099, 347739
488701, 343806
489126, 343604
491708, 349434
490243, 342981
488654, 342212
493057, 349563
494217, 346882
485663, 349665

497397, 375702
497250, 369946
490692, 368092
498284, 365430
490238, 364288
490997, 362968
492576, 360553
491801, 359322
493650, 358896
486179, 360086
487658, 358781
497048, 357025

482053, 347293
477238, 349535
478759, 345532
484899, 348600
485663, 349665
484023, 352626
485877, 351288
483915, 343269
481435, 341911
485549, 343223
473585, 353015
477926, 340449

491801, 359322
492576, 360553
494321, 356081
497048, 357025
490997, 362968
495416, 354339
498273, 355747
496315, 353783
495568, 353232
487658, 358781
497109, 353916
492616, 352620

485663, 349665
485877, 351288
482053, 347293
484023, 352626
480240, 348534
489461, 346701
490240, 349365
485549, 343223
483915, 343269
488266, 353455
488701, 343806
490845, 346487

491213, 352071
491003, 352797
492279, 350885
490818, 351336
495568, 353232
493057, 349563
495416, 354339
491708, 349434
494321, 356081
496315, 353783
496542, 353023
490240, 349365

503243, 332853
509272, 338191
501783, 335348
499413, 339178
513407, 340674
504636, 344942
499546, 343520
496603, 340183
500683, 344816
502093, 346074
497608, 343426
495052, 331958

496542, 353023
497109, 353916
495568, 353232
495416, 354339
498273, 355747
494321, 356081
497048, 357025
492616, 352620
492279, 350885
501372, 355195
493057, 349563
491213, 352071

502093, 346074
504636, 344942
501393, 347197
500683, 344816
508353, 350501
507296, 351560
499546, 343520
506024, 353145
508804, 351601
507029, 353531
497608, 343426
501372, 355195

503243, 332853
506005, 335627
499413, 339178
496603, 340183
495052, 331958
494280, 334449
509272, 338191
499546, 343520
497608, 343426
500683, 344816
492993, 339914
504636, 344942

491213, 352071
490818, 351336
492616, 352620
492279, 350885
488266, 353455
491708, 349434
490240, 349365
487611, 354577
493057, 349563
495568, 353232
494321, 356081
495416, 354339

495052, 331958
479795, 326937
483674, 334895
494280, 334449
490364, 337140
477590, 328969
481567, 335959
490076, 338149
490062, 339636
492993, 339914
492276, 341239
488654, 342212

496315, 353783
496542, 353023
495568, 353232
495416, 354339
498273, 355747
497048, 357025
494321, 356081
501372, 355195
492616, 352620
492279, 350885
493057, 349563
493650, 358896

478297, 357861
480831, 359673
478434, 356756
481628, 360157
474062, 360848
477243, 364459
483030, 357571
486179, 360086
473585, 353015
484023, 352626
487658, 358781
472141, 352581

489126, 343604
488654, 342212
490243, 342981
490332, 344869
489461, 346701
485549, 343223
490845, 346487
490062, 339636
492276, 341239
483915, 343269
492099, 347739
490240, 349365

496315, 353783
495568, 353232
496542, 353023
497109, 353916
494321, 356081
497048, 357025
498273, 355747
492616, 352620
492279, 350885
491003, 352797
491213, 352071
493650, 358896

496315, 353783
496542, 353023
495416, 354339
497109, 353916
492616, 352620
494321, 356081
498273, 355747
492279, 350885
497048, 357025
493057, 349563
491213, 352071
491003, 352797

485549, 343223
481435, 341911
482053, 347293
488701, 343806
488654, 342212
489126, 343604
484899, 348600
478759, 345532
490243, 342981
480240, 348534
489461, 346701
490332, 344869

490818, 351336
493057, 349563
491708, 349434
491213, 352071
492616, 352620
491003, 352797
490240, 349365
492099, 347739
495568, 353232
494217, 346882
490845, 346487
495416, 354339

490364, 337140
490062, 339636
492993, 339914
492276, 341239
488654, 342212
490243, 342981
489126, 343604
494280, 334449
488701, 343806
490332, 344869
485549, 343223
496603, 340183

478297, 357861
478321, 360052
480831, 359673
481628, 360157
483030, 357571
474062, 360848
473585, 353015
484023, 352626
477238, 349535
472141, 352581
477243, 364459
480240, 348534

481628, 360157
478321, 360052
483030, 357571
478297, 357861
478434, 356756
486179, 360086
477243, 364459
474062, 360848
487658, 358781
484023, 352626
487611, 354577
488266, 353455

484899, 348600
485877, 351288
484023, 352626
482053, 347293
490240, 349365
488266, 353455
489461, 346701
487611, 354577
490818, 351336
480240, 348534
491213, 352071
491708, 349434

499546, 343520
502093, 346074
501393, 347197
497608, 343426
504636, 344942
504041, 347182
499413, 339178
496603, 340183
494217, 346882
493057, 349563
492099, 347739
492993, 339914

498284, 365430
493113, 373761
497397, 375702
490692, 368092
490238, 364288
490997, 362968
492576, 360553
493650, 358896
491801, 359322
497048, 357025
502727, 357963
494321, 356081

501783, 335348
506005, 335627
499413, 339178
509272, 338191
495052, 331958
494280, 334449
496603, 340183
499546, 343520
497608, 343426
504636, 344942
500683, 344816
492993, 339914

548784, 284507
545696, 279796
545301, 286923
544190, 286209
554398, 292296
544295, 288380
545242, 289462
544704, 289139
544234, 288982
548888, 292555
549058, 294530
542269, 289858

549058, 294530
550526, 295829
545242, 289462
544704, 289139
554398, 292296
544234, 288982
552133, 297675
548876, 298655
544466, 296806
544295, 288380
545301, 286923
553531, 297762

553095, 316844
555976, 314920
545013, 311212
546819, 308207
548610, 306857
544431, 314609
547221, 307236
545048, 308998
546208, 307112
554611, 305859
547073, 304750
543392, 307015

555976, 314920
551269, 313208
544431, 314609
545013, 311212
546819, 308207
548610, 306857
554611, 305859
545048, 308998
547221, 307236
546208, 307112
559639, 305131
547073, 304750

520038, 310891
521140, 324445
518514, 302382
516132, 301077
531740, 313521
530336, 307668
529824, 306461
523777, 298863
522865, 296743
532924, 306096
534735, 310598
532875, 304571

544234, 288982
545242, 289462
544295, 288380
545301, 286923
542269, 289858
544190, 286209
540057, 291395
540388, 292369
548888, 292555
540706, 292970
539936, 292318
548784, 284507

539936, 292318
540706, 292970
540057, 291395
540569, 293904
540922, 294452
542269, 289858
535979, 290279
537013, 296093
544234, 288982
544704, 289139
544295, 288380
545242, 289462

540637, 298416
540893, 298842
540988, 299732
538442, 299851
543725, 300151
536280, 298849
540922, 294452
537013, 296093
544466, 296806
535900, 299644
540569, 293904
543472, 303300

532569, 301168
533896, 300996
534491, 302379
535900, 299644
536280, 298849
532875, 304571
529223, 297516
537097, 303257
538442, 299851
532924, 306096
535731, 305347
537013, 296093

522865, 296743
522535, 295709
527895, 296502
524532, 293306
529223, 297516
525552, 293124
528889, 295172
518514, 302382
516132, 301077
532569, 301168
519554, 290806
532754, 300348

529824, 306461
532924, 306096
532875, 304571
534735, 310598
535322, 310550
535731, 305347
531740, 313521
534491, 302379
532569, 301168
533896, 300996
532754, 300348
537388, 304487

540988, 299732
540893, 298842
543472, 303300
544466, 296806
540637, 298416
546675, 302306
540383, 298624
543185, 303974
547167, 301969
545892, 303811
547818, 302790
538442, 299851

539492, 309897
541950, 309198
538741, 310933
543392, 307015
545013, 311212
545048, 308998
535322, 310550
543179, 305521
544431, 314609
539850, 304557
534735, 310598
546208, 307112

547073, 304750
546675, 302306
545005, 305287
547818, 302790
547167, 301969
543472, 303300
543185, 303974
543179, 305521
546208, 307112
548733, 301882
547221, 307236
543392, 307015

547167, 301969
546675, 302306
548733, 301882
547073, 304750
545892, 303811
545005, 305287
548610, 306857
548876, 298655
543472, 303300
547221, 307236
546208, 307112
543185, 303974

527895, 296502
529223, 297516
525552, 293124
532989, 294138
524532, 293306
530151, 290346
522865, 296743
523777, 298863
522535, 295709
532754, 300348
532569, 301168
533896, 300996

537388, 304487
537097, 303257
543185, 303974
543179, 305521
543472, 303300
535731, 305347
543392, 307015
538442, 299851
540988, 299732
541950, 309198
545005, 305287
539492, 309897

546819, 308207
546208, 307112
545013, 311212
543392, 307015
547221, 307236
541950, 309198
545005, 305287
543179, 305521
548610, 306857
540597, 310372
547073, 304750
545892, 303811

534735, 310598
535322, 310550
530336, 307668
536214, 318465
529824, 306461
538741, 310933
532924, 306096
539492, 309897
532875, 304571
535731, 305347
540597, 310372
537388, 304487

553645, 303197
559639, 305131
548610, 306857
553941, 299152
548733, 301882
547818, 302790
547221, 307236
547073, 304750
551269, 313208
546819, 308207
553531, 297762
547167, 301969

545301, 286923
544190, 286209
545696, 279796
544295, 288380
545242, 289462
544704, 289139
544234, 288982
554370, 280085
548888, 292555
542269, 289858
554398, 292296
549058, 294530

531740, 313521
538741, 310933
535322, 310550
534735, 310598
544431, 314609
539492, 309897
540597, 310372
541950, 309198
545013, 311212
530336, 307668
532924, 306096
545048, 308998

540569, 293904
540706, 292970
540388, 292369
539936, 292318
540057, 291395
540637, 298416
540383, 298624
537013, 296093
544466, 296806
540893, 298842
542269, 289858
540988, 299732

547221, 307236
546819, 308207
545005, 305287
545048, 308998
548610, 306857
547073, 304750
543392, 307015
545892, 303811
543179, 305521
545013, 311212
543185, 303974
547818, 302790

530296, 274547
533150, 276765
535714, 281762
545696, 279796
544190, 286209
535979, 290279
530151, 290346
545301, 286923
544295, 288380
548784, 284507
542269, 289858
544234, 288982

514886, 315379
520038, 310891
531740, 313521
536214, 318465
513407, 340674
509272, 338191
506005, 335627
530336, 307668
534735, 310598
503243, 332853
535322, 310550
529824, 306461

544234, 288982
544704, 289139
545242, 289462
545301, 286923
544190, 286209
542269, 289858
540057, 291395
540388, 292369
540706, 292970
539936, 292318
548784, 284507
548888, 292555

540388, 292369
540569, 293904
539936, 292318
540922, 294452
540057, 291395
542269, 289858
537013, 296093
544234, 288982
544466, 296806
535979, 290279
540637, 298416
544704, 289139

528889, 295172
529223, 297516
525552, 293124
524532, 293306
523777, 298863
522865, 296743
522535, 295709
532989, 294138
532754, 300348
530151, 290346
532569, 301168
533896, 300996

554611, 305859
553941, 299152
548733, 301882
553531, 297762
552133, 297675
547818, 302790
548610, 306857
559639, 305131
548876, 298655
547167, 301969
547073, 304750
546675, 302306

544704, 289139
544234, 288982
544295, 288380
545301, 286923
542269, 289858
544190, 286209
548888, 292555
540057, 291395
540388, 292369
540706, 292970
539936, 292318
548784, 284507

540597, 310372
538741, 310933
541950, 309198
535322, 310550
534735, 310598
543392, 307015
539850, 304557
545048, 308998
545013, 311212
543179, 305521
537388, 304487
535731, 305347

548784, 284507
544190, 286209
545301, 286923
554370, 280085
544295, 288380
544234, 288982
544704, 289139
545242, 289462
535714, 281762
542269, 289858
540057, 291395
533150, 276765

540893, 298842
540383, 298624
540637, 298416
538442, 299851
543725, 300151
543472, 303300
544466, 296806
543185, 303974
536280, 298849
539850, 304557
535900, 299644
537097, 303257

532754, 300348
532569, 301168
534491, 302379
535900, 299644
536280, 298849
532875, 304571
537097, 303257
538442, 299851
535731, 305347
537388, 304487
532924, 306096
537013, 296093

522535, 295709
523777, 298863
524532, 293306
525552, 293124
527895, 296502
528889, 295172
529223, 297516
519554, 290806
518514, 302382
516132, 301077
517210, 290926
530151, 290346

533150, 276765
535979, 290279
530296, 274547
544190, 286209
545696, 279796
530151, 290346
542269, 289858
533455, 271530
540057, 291395
544295, 288380
545301, 286923
544234, 288982

543185, 303974
543179, 305521
545892, 303811
545005, 305287
543725, 300151
546675, 302306
543392, 307015
539850, 304557
547073, 304750
547167, 301969
540988, 299732
547818, 302790

532989, 294138
528889, 295172
525552, 293124
535979, 290279
524532, 293306
527895, 296502
529223, 297516
537013, 296093
522535, 295709
522865, 296743
540057, 291395
539936, 292318

530336, 307668
532924, 306096
532875, 304571
532569, 301168
535731, 305347
534491, 302379
534735, 310598
532754, 300348
533896, 300996
535322, 310550
531740, 313521
537388, 304487

552133, 297675
553941, 299152
550526, 295829
548876, 298655
553645, 303197
549058, 294530
554398, 292296
548733, 301882
548888, 292555
547818, 302790
547167, 301969
554611, 305859

547221, 307236
546208, 307112
545048, 308998
548610, 306857
545005, 305287
547073, 304750
545013, 311212
543392, 307015
545892, 303811
543179, 305521
541950, 309198
547818, 302790

546208, 307112
546819, 308207
548610, 306857
547073, 304750
545048, 308998
545005, 305287
545892, 303811
543392, 307015
543179, 305521
547818, 302790
545013, 311212
546675, 302306

516132, 301077
523777, 298863
522865, 296743
522535, 295709
520038, 310891
524532, 293306
527895, 296502
517210, 290926
519554, 290806
525552, 293124
529223, 297516
529824, 306461

533896, 300996
532569, 301168
532754, 300348
532875, 304571
537097, 303257
535900, 299644
535731, 305347
537388, 304487
536280, 298849
532924, 306096
538442, 299851
539850, 304557

553531, 297762
553941, 299152
550526, 295829
548876, 298655
549058, 294530
548733, 301882
553645, 303197
554398, 292296
548888, 292555
547167, 301969
547818, 302790
546675, 302306

543179, 305521
545005, 305287
545048, 308998
541950, 309198
546208, 307112
543185, 303974
546819, 308207
543472, 303300
547221, 307236
545892, 303811
539850, 304557
547073, 304750

517210, 290926
524532, 293306
522535, 295709
525552, 293124
522865, 296743
523777, 298863
527895, 296502
528889, 295172
530151, 290346
516132, 301077
518514, 302382
529223, 297516

548733, 301882
550526, 295829
552133, 297675
547167, 301969
549058, 294530
546675, 302306
547818, 302790
553531, 297762
544466, 296806
553941, 299152
543725, 300151
545892, 303811

540637, 298416
540383, 298624
540988, 299732
538442, 299851
543725, 300151
544466, 296806
540922, 294452
536280, 298849
537013, 296093
540569, 293904
535900, 299644
543472, 303300

549058, 294530
552133, 297675
548876, 298655
553531, 297762
548888, 292555
553941, 299152
554398, 292296
544466, 296806
548733, 301882
547167, 301969
547818, 302790
546675, 302306

522865, 296743
524532, 293306
523777, 298863
525552, 293124
527895, 296502
519554, 290806
528889, 295172
529223, 297516
517210, 290926
518514, 302382
516132, 301077
530151, 290346

550526, 295829
548888, 292555
548876, 298655
552133, 297675
544466, 296806
553531, 297762
554398, 292296
545242, 289462
553941, 299152
544704, 289139
544234, 288982
548733, 301882

537388, 304487
537097, 303257
532924, 306096
532875, 304571
534491, 302379
539850, 304557
533896, 300996
535322, 310550
532569, 301168
534735, 310598
535900, 299644
532754, 300348

545013, 311212
545048, 308998
540597, 310372
541950, 309198
538741, 310933
539492, 309897
546819, 308207
551269, 313208
543392, 307015
546208, 307112
547221, 307236
548610, 306857

514886, 315379
518514, 302382
516132, 301077
529824, 306461
530336, 307668
531740, 313521
523777, 298863
521140, 324445
532924, 306096
532875, 304571
522865, 296743
534735, 310598

544190, 286209
544295, 288380
544704, 289139
544234, 288982
545242, 289462
542269, 289858
548784, 284507
548888, 292555
540057, 291395
545696, 279796
540388, 292369
540706, 292970

518514, 302382
523777, 298863
522865, 296743
522535, 295709
517210, 290926
520038, 310891
519554, 290806
524532, 293306
525552, 293124
527895, 296502
529223, 297516
528889, 295172

543472, 303300
543179, 305521
545005, 305287
545892, 303811
543392, 307015
539850, 304557
543725, 300151
546675, 302306
547073, 304750
546208, 307112
547167, 301969
540988, 299732

539936, 292318
540388, 292369
540706, 292970
540569, 293904
542269, 289858
540922, 294452
535979, 290279
544234, 288982
544704, 289139
544295, 288380
545242, 289462
537013, 296093

540383, 298624
540893, 298842
540988, 299732
538442, 299851
543725, 300151
540922, 294452
544466, 296806
537013, 296093
536280, 298849
540569, 293904
535900, 299644
540706, 292970

547221, 307236
546819, 308207
546208, 307112
547073, 304750
545005, 305287
545892, 303811
547818, 302790
545048, 308998
546675, 302306
548733, 301882
547167, 301969
543392, 307015

540057, 291395
539936, 292318
540388, 292369
532989, 294138
540706, 292970
530151, 290346
540569, 293904
537013, 296093
542269, 289858
540922, 294452
544234, 288982
535714, 281762

536280, 298849
533896, 300996
538442, 299851
534491, 302379
532754, 300348
532569, 301168
537013, 296093
537097, 303257
540383, 298624
540637, 298416
540893, 298842
537388, 304487

540597, 310372
539492, 309897
543392, 307015
545048, 308998
538741, 310933
545013, 311212
543179, 305521
546208, 307112
545005, 305287
546819, 308207
539850, 304557
543185, 303974

553531, 297762
552133, 297675
553645, 303197
550526, 295829
548876, 298655
548733, 301882
549058, 294530
554611, 305859
554398, 292296
547818, 302790
547167, 301969
546675, 302306

534735, 310598
538741, 310933
539492, 309897
531740, 313521
532924, 306096
535731, 305347
540597, 310372
530336, 307668
537388, 304487
532875, 304571
541950, 309198
529824, 306461

532924, 306096
534491, 302379
535731, 305347
532569, 301168
529824, 306461
533896, 300996
530336, 307668
532754, 300348
537097, 303257
537388, 304487
535900, 299644
534735, 310598

524532, 293306
528889, 295172
522535, 295709
527895, 296502
522865, 296743
530151, 290346
529223, 297516
523777, 298863
519554, 290806
532989, 294138
517210, 290926
532754, 300348

553095, 316844
551269, 313208
554611, 305859
559639, 305131
548610, 306857
546819, 308207
544431, 314609
545013, 311212
547221, 307236
553645, 303197
545048, 308998
546208, 307112

546675, 302306
547818, 302790
548733, 301882
545892, 303811
547073, 304750
548876, 298655
543725, 300151
543472, 303300
545005, 305287
543185, 303974
548610, 306857
546208, 307112

545301, 286923
544295, 288380
544234, 288982
544704, 289139
545242, 289462
542269, 289858
548784, 284507
545696, 279796
540057, 291395
540388, 292369
539936, 292318
540706, 292970

550526, 295829
548888, 292555
553531, 297762
549058, 294530
552133, 297675
553941, 299152
548876, 298655
545242, 289462
548784, 284507
544704, 289139
545301, 286923
544234, 288982

544234, 288982
544295, 288380
544704, 289139
540057, 291395
545242, 289462
540388, 292369
539936, 292318
540706, 292970
544190, 286209
545301, 286923
540569, 293904
540922, 294452

530296, 274547
533455, 271530
535714, 281762
545696, 279796
535979, 290279
530151, 290346
544190, 286209
545301, 286923
542269, 289858
544295, 288380
540057, 291395
544234, 288982

535900, 299644
538442, 299851
537013, 296093
533896, 300996
532754, 300348
534491, 302379
540383, 298624
532569, 301168
540637, 298416
537097, 303257
540893, 298842
540988, 299732

547167, 301969
547818, 302790
545892, 303811
548733, 301882
547073, 304750
543472, 303300
545005, 305287
543725, 300151
543185, 303974
548876, 298655
543179, 305521
546208, 307112

554611, 305859
553645, 303197
553941, 299152
553531, 297762
555976, 314920
552133, 297675
548610, 306857
548733, 301882
551269, 313208
547818, 302790
548876, 298655
547073, 304750

545892, 303811
547818, 302790
545005, 305287
546675, 302306
547221, 307236
546208, 307112
548610, 306857
547167, 301969
548733, 301882
546819, 308207
543472, 303300
543185, 303974

537097, 303257
535731, 305347
539850, 304557
534491, 302379
532875, 304571
532924, 306096
538442, 299851
533896, 300996
535900, 299644
536280, 298849
539492, 309897
543185, 303974

540388, 292369
540057, 291395
540706, 292970
540569, 293904
540922, 294452
542269, 289858
535979, 290279
537013, 296093
544234, 288982
544704, 289139
544295, 288380
545242, 289462

544704, 289139
544295, 288380
545242, 289462
542269, 289858
545301, 286923
544190, 286209
540057, 291395
540388, 292369
540706, 292970
539936, 292318
548888, 292555
540569, 293904

537388, 304487
535731, 305347
534491, 302379
539850, 304557
538442, 299851
535900, 299644
533896, 300996
532875, 304571
536280, 298849
532569, 301168
532924, 306096
532754, 300348

525552, 293124
522535, 295709
522865, 296743
527895, 296502
528889, 295172
519554, 290806
523777, 298863
529223, 297516
530151, 290346
517210, 290926
532989, 294138
532754, 300348

532754, 300348
533896, 300996
534491, 302379
532875, 304571
535900, 299644
536280, 298849
532924, 306096
529223, 297516
537097, 303257
535731, 305347
537388, 304487
529824, 306461

528889, 295172
537013, 296093
530151, 290346
535979, 290279
529223, 297516
527895, 296502
536280, 298849
532754, 300348
535900, 299644
533896, 300996
532569, 301168
539936, 292318

527895, 296502
528889, 295172
532754, 300348
532569, 301168
532989, 294138
523777, 298863
525552, 293124
533896, 300996
524532, 293306
522865, 296743
522535, 295709
535900, 299644

535322, 310550
538741, 310933
531740, 313521
539492, 309897
532924, 306096
530336, 307668
535731, 305347
540597, 310372
532875, 304571
529824, 306461
537388, 304487
541950, 309198

540922, 294452
540706, 292970
540388, 292369
539936, 292318
540057, 291395
537013, 296093
542269, 289858
540637, 298416
540383, 298624
544466, 296806
540893, 298842
540988, 299732

533150, 276765
533455, 271530
535714, 281762
530151, 290346
545696, 279796
535979, 290279
544190, 286209
525552, 293124
542269, 289858
545301, 286923
540057, 291395
519554, 290806

536280, 298849
535900, 299644
538442, 299851
540569, 293904
540383, 298624
540922, 294452
540637, 298416
532989, 294138
540893, 298842
539936, 292318
540706, 292970
540388, 292369

547818, 302790
547167, 301969
546675, 302306
548876, 298655
547073, 304750
545892, 303811
548610, 306857
545005, 305287
553645, 303197
543725, 300151
552133, 297675
543472, 303300

545048, 308998
544431, 314609
546819, 308207
541950, 309198
546208, 307112
540597, 310372
543392, 307015
547221, 307236
548610, 306857
539492, 309897
545005, 305287
543179, 305521

543725, 300151
540893, 298842
540637, 298416
540922, 294452
540383, 298624
540988, 299732
548876, 298655
540569, 293904
549058, 294530
540706, 292970
547167, 301969
546675, 302306

540383, 298624
536280, 298849
540988, 299732
535900, 299644
540637, 298416
540893, 298842
537097, 303257
537013, 296093
533896, 300996
534491, 302379
537388, 304487
539850, 304557

545892, 303811
543179, 305521
547073, 304750
546208, 307112
543185, 303974
543392, 307015
543472, 303300
547221, 307236
546675, 302306
546819, 308207
545048, 308998
547818, 302790

532875, 304571
535731, 305347
530336, 307668
529824, 306461
534491, 302379
537388, 304487
534735, 310598
532569, 301168
537097, 303257
535322, 310550
533896, 300996
532754, 300348

539492, 309897
540597, 310372
535322, 310550
541950, 309198
534735, 310598
543392, 307015
545013, 311212
535731, 305347
539850, 304557
537388, 304487
545048, 308998
544431, 314609

519554, 290806
522535, 295709
524532, 293306
522865, 296743
525552, 293124
516132, 301077
523777, 298863
518514, 302382
527895, 296502
528889, 295172
530151, 290346
529223, 297516

543392, 307015
543185, 303974
545005, 305287
543472, 303300
545892, 303811
546208, 307112
539850, 304557
541950, 309198
545048, 308998
547073, 304750
547221, 307236
546819, 308207

535407, 385709
535919, 385043
532313, 388990
530942, 387324
536611, 390248
531922, 381871
534946, 391969
540005, 388075
536788, 392502
536539, 392677
533767, 393738
541736, 386293

541409, 408787
542455, 407925
539591, 407940
540139, 405467
543029, 405597
538412, 410694
544441, 407292
538525, 405846
540475, 404657
536990, 407424
544987, 406896
540728, 403946

550418, 406706
553820, 409909
549760, 408823
553387, 411209
547832, 404624
546312, 409101
549251, 400034
544987, 406896
546850, 400708
544441, 407292
552022, 396811
543029, 405597

536539, 392677
536788, 392502
533767, 393738
536611, 390248
532313, 388990
533031, 396667
534196, 386376
536767, 397643
530942, 387324
535407, 385709
540005, 388075
535823, 398491

551861, 392281
552022, 396811
549198, 395908
563820, 391269
548046, 395971
546754, 394768
545559, 393562
549251, 400034
543753, 392008
542195, 393230
546850, 400708
541736, 386293

538704, 397771
541505, 396456
541605, 396515
536767, 397643
542205, 396276
541884, 399822
535823, 398491
542037, 400540
542526, 400385
540820, 402129
542195, 393230
536473, 401512

533786, 399463
532908, 398756
535823, 398491
533031, 396667
536767, 397643
536473, 401512
530032, 399853
538704, 397771
531429, 402722
533767, 393738
529740, 396483
539584, 397442

549251, 400034
547832, 404624
542526, 400385
542037, 400540
548046, 395971
541884, 399822
549198, 395908
546754, 394768
540820, 402129
543029, 405597
542205, 396276
544987, 406896

533775, 413544
533990, 413526
529665, 410480
527272, 410149
535456, 414252
533852, 409260
536656, 416927
531273, 407619
537143, 418849
533923, 407312
531377, 406271
538726, 415602

533990, 413526
533775, 413544
536656, 416927
538726, 415602
538990, 412773
538412, 410694
537143, 418849
533852, 409260
529977, 414907
541021, 414292
529665, 410480
536990, 407424

536788, 392502
534946, 391969
536611, 390248
533767, 393738
536767, 397643
533031, 396667
538704, 397771
532313, 388990
539584, 397442
542195, 393230
540005, 388075
535823, 398491

531377, 406271
533333, 406760
533416, 406238
531415, 405039
533923, 407312
533852, 409260
529665, 410480
532732, 404320
527272, 410149
531429, 402722
536990, 407424
537049, 404920

544987, 406896
544441, 407292
549760, 408823
542455, 407925
544327, 413129
547832, 404624
550418, 406706
543029, 405597
541409, 408787
541048, 408366
539591, 407940
540139, 405467

550418, 406706
546312, 409101
553037, 406494
553820, 409909
553387, 411209
547832, 404624
544987, 406896
544441, 407292
544327, 413129
542455, 407925
543029, 405597
548069, 416815

533333, 406760
533923, 407312
532732, 404320
531377, 406271
531415, 405039
531273, 407619
533852, 409260
536990, 407424
537049, 404920
531429, 402722
537533, 404514
538525, 405846

550418, 406706
544987, 406896
546850, 400708
544441, 407292
549760, 408823
546312, 409101
549251, 400034
543029, 405597
553037, 406494
542455, 407925
542526, 400385
542037, 400540

528276, 395395
527942, 397872
527319, 397961
533031, 396667
530032, 399853
532908, 398756
533767, 393738
534226, 398682
533786, 399463
525797, 400407
526674, 391209
535823, 398491

546754, 394768
543753, 392008
542195, 393230
548046, 395971
542205, 396276
549198, 395908
541605, 396515
541505, 396456
551861, 392281
539584, 397442
552022, 396811
541884, 399822

532732, 404320
531415, 405039
530032, 399853
531377, 406271
533786, 399463
533416, 406238
532908, 398756
533333, 406760
531273, 407619
534226, 398682
536473, 401512
533923, 407312

531415, 405039
531273, 407619
533333, 406760
533416, 406238
532732, 404320
533923, 407312
531429, 402722
533852, 409260
529665, 410480
527272, 410149
536990, 407424
537049, 404920

549760, 408823
553037, 406494
547832, 404624
553820, 409909
546312, 409101
553387, 411209
544987, 406896
544441, 407292
549251, 400034
546850, 400708
543029, 405597
542455, 407925

535407, 385709
534196, 386376
540005, 388075
531922, 381871
536611, 390248
532313, 388990
530942, 387324
541736, 386293
539275, 378966
534946, 391969
536788, 392502
536539, 392677

529740, 396483
527942, 397872
527319, 397961
526674, 391209
530032, 399853
533031, 396667
525797, 400407
532908, 398756
533767, 393738
521562, 396186
534226, 398682
533786, 399463

540728, 403946
540139, 405467
538525, 405846
540820, 402129
543029, 405597
537533, 404514
539591, 407940
537049, 404920
541048, 408366
542455, 407925
541409, 408787
542037, 400540

527942, 397872
532908, 398756
531429, 402722
527319, 397961
529740, 396483
533786, 399463
525797, 400407
534226, 398682
533031, 396667
528276, 395395
532732, 404320
531415, 405039

523026, 400514
522593, 390912
516048, 397263
525797, 400407
527319, 397961
527942, 397872
528276, 395395
526674, 391209
521364, 388321
529740, 396483
530032, 399853
533031, 396667

535823, 398491
538704, 397771
534226, 398682
539584, 397442
533786, 399463
533031, 396667
536473, 401512
532908, 398756
541505, 396456
533767, 393738
541605, 396515
536539, 392677

521364, 388321
526674, 391209
521562, 396186
528276, 395395
527319, 397961
527942, 397872
529740, 396483
530942, 387324
516048, 397263
523026, 400514
532313, 388990
525797, 400407

538990, 412773
539591, 407940
541048, 408366
541409, 408787
536990, 407424
541021, 414292
535456, 414252
533852, 409260
538525, 405846
542455, 407925
538726, 415602
533990, 413526

521562, 396186
523026, 400514
522593, 390912
525797, 400407
521364, 388321
527319, 397961
527942, 397872
526674, 391209
528276, 395395
529740, 396483
530032, 399853
531429, 402722

530942, 387324
534196, 386376
534946, 391969
536611, 390248
535407, 385709
533767, 393738
535919, 385043
536539, 392677
536788, 392502
526674, 391209
531922, 381871
528276, 395395

535823, 398491
537533, 404514
533786, 399463
537049, 404920
534226, 398682
536767, 397643
538704, 397771
540820, 402129
532908, 398756
532732, 404320
538525, 405846
540728, 403946

536788, 392502
534946, 391969
536539, 392677
540005, 388075
532313, 388990
533767, 393738
534196, 386376
535407, 385709
535919, 385043
542195, 393230
530942, 387324
541736, 386293

540728, 403946
542037, 400540
542526, 400385
541884, 399822
540475, 404657
540139, 405467
537533, 404514
543029, 405597
538525, 405846
536473, 401512
537049, 404920
538704, 397771

527319, 397961
529740, 396483
528276, 395395
530032, 399853
525797, 400407
532908, 398756
533031, 396667
523026, 400514
531429, 402722
533786, 399463
534226, 398682
521562, 396186

541048, 408366
542455, 407925
539591, 407940
544441, 407292
538412, 410694
540139, 405467
543029, 405597
544987, 406896
538525, 405846
540475, 404657
536990, 407424
538990, 412773

540005, 388075
535919, 385043
543753, 392008
535407, 385709
536611, 390248
542195, 393230
534196, 386376
539275, 378966
536788, 392502
545559, 393562
536539, 392677
534946, 391969

533786, 399463
534226, 398682
533031, 396667
535823, 398491
530032, 399853
529740, 396483
536767, 397643
531429, 402722
536473, 401512
527942, 397872
533767, 393738
532732, 404320

574088, 396603
563820, 391269
553037, 406494
553820, 409909
553387, 411209
555333, 390172
552022, 396811
550418, 406706
551861, 392281
549251, 400034
549760, 408823
549198, 395908

555333, 390172
549198, 395908
552022, 396811
548046, 395971
546754, 394768
545559, 393562
543753, 392008
549251, 400034
542195, 393230
546850, 400708
542205, 396276
541605, 396515

546850, 400708
549198, 395908
548046, 395971
552022, 396811
547832, 404624
546754, 394768
542526, 400385
550418, 406706
542037, 400540
541884, 399822
545559, 393562
553037, 406494

540475, 404657
540728, 403946
538525, 405846
539591, 407940
537533, 404514
543029, 405597
541048, 408366
537049, 404920
542455, 407925
540820, 402129
541409, 408787
536990, 407424

522593, 390912
526674, 391209
521562, 396186
530942, 387324
528276, 395395
516048, 397263
532313, 388990
527319, 397961
527942, 397872
529740, 396483
523026, 400514
531922, 381871

531377, 406271
532732, 404320
531429, 402722
533416, 406238
533333, 406760
531273, 407619
533923, 407312
533852, 409260
530032, 399853
537049, 404920
529665, 410480
533786, 399463

533775, 413544
535456, 414252
529977, 414907
533852, 409260
536656, 416927
538990, 412773
538726, 415602
538412, 410694
529665, 410480
537143, 418849
533923, 407312
531273, 407619

542037, 400540
541884, 399822
540820, 402129
541605, 396515
540728, 403946
541505, 396456
542205, 396276
539584, 397442
546850, 400708
538704, 397771
540475, 404657
543029, 405597

534196, 386376
535919, 385043
535407, 385709
530942, 387324
532313, 388990
539275, 378966
536611, 390248
540005, 388075
534946, 391969
526674, 391209
541736, 386293
536788, 392502

541605, 396515
541505, 396456
539584, 397442
542195, 393230
541884, 399822
538704, 397771
542526, 400385
542037, 400540
545559, 393562
543753, 392008
546754, 394768
536767, 397643

544327, 413129
541021, 414292
553387, 411209
546312, 409101
549760, 408823
553820, 409909
538726, 415602
538990, 412773
544441, 407292
550418, 406706
544987, 406896
541409, 408787

536539, 392677
534946, 391969
536611, 390248
533767, 393738
536767, 397643
542195, 393230
540005, 388075
538704, 397771
533031, 396667
539584, 397442
532313, 388990
535823, 398491

529665, 410480
531273, 407619
529977, 414907
531377, 406271
531415, 405039
533852, 409260
533333, 406760
533923, 407312
533416, 406238
533775, 413544
533990, 413526
532732, 404320

541605, 396515
542205, 396276
539584, 397442
538704, 397771
542195, 393230
541884, 399822
542526, 400385
542037, 400540
536767, 397643
545559, 393562
543753, 392008
546754, 394768

542195, 393230
545559, 393562
546754, 394768
542205, 396276
541505, 396456
541605, 396515
540005, 388075
548046, 395971
541736, 386293
549198, 395908
539584, 397442
536788, 392502

523026, 400514
527319, 397961
527942, 397872
530032, 399853
529740, 396483
528276, 395395
521562, 396186
531429, 402722
531415, 405039
532908, 398756
532732, 404320
533786, 399463

549198, 395908
548046, 395971
549251, 400034
551861, 392281
546754, 394768
546850, 400708
545559, 393562
555333, 390172
547832, 404624
543753, 392008
553037, 406494
542205, 396276

541048, 408366
541409, 408787
538525, 405846
540139, 405467
536990, 407424
542455, 407925
538412, 410694
540475, 404657
537049, 404920
537533, 404514
540728, 403946
543029, 405597

532908, 398756
534226, 398682
533786, 399463
533767, 393738
529740, 396483
535823, 398491
536767, 397643
530032, 399853
528276, 395395
534946, 391969
527942, 397872
536539, 392677

535919, 385043
534196, 386376
532313, 388990
536611, 390248
530942, 387324
540005, 388075
531922, 381871
534946, 391969
541736, 386293
536788, 392502
536539, 392677
539275, 378966

548046, 395971
546754, 394768
552022, 396811
549251, 400034
545559, 393562
551861, 392281
546850, 400708
543753, 392008
542205, 396276
542195, 393230
541605, 396515
541505, 396456

541736, 386293
536611, 390248
535919, 385043
535407, 385709
543753, 392008
536788, 392502
542195, 393230
536539, 392677
534196, 386376
534946, 391969
532313, 388990
545559, 393562

536656, 416927
541021, 414292
538990, 412773
535456, 414252
537143, 418849
538412, 410694
533990, 413526
533775, 413544
544327, 413129
541409, 408787
541048, 408366
539591, 407940

533416, 406238
533923, 407312
531377, 406271
531273, 407619
532732, 404320
533852, 409260
531415, 405039
536990, 407424
537049, 404920
531429, 402722
537533, 404514
529665, 410480

544441, 407292
544987, 406896
542455, 407925
540475, 404657
540728, 403946
540139, 405467
541048, 408366
541409, 408787
540820, 402129
539591, 407940
538525, 405846
546312, 409101

527272, 410149
531273, 407619
533852, 409260
529977, 414907
531377, 406271
533775, 413544
533333, 406760
533990, 413526
533923, 407312
533416, 406238
531415, 405039
532732, 404320

542526, 400385
541884, 399822
540820, 402129
540728, 403946
539584, 397442
541605, 396515
541505, 396456
542205, 396276
538704, 397771
540475, 404657
546850, 400708
543029, 405597

575805, 402781
563820, 391269
555333, 390172
552022, 396811
551861, 392281
553037, 406494
553820, 409909
549198, 395908
549251, 400034
553387, 411209
550418, 406706
548046, 395971

535919, 385043
541736, 386293
535407, 385709
531922, 381871
534196, 386376
540005, 388075
536611, 390248
530942, 387324
532313, 388990
534946, 391969
536788, 392502
543753, 392008

533990, 413526
535456, 414252
529977, 414907
533852, 409260
536656, 416927
529665, 410480
538990, 412773
538726, 415602
538412, 410694
533923, 407312
537143, 418849
531273, 407619

549198, 395908
546754, 394768
545559, 393562
552022, 396811
549251, 400034
546850, 400708
551861, 392281
543753, 392008
542205, 396276
542195, 393230
541605, 396515
541505, 396456

531415, 405039
533416, 406238
531429, 402722
531377, 406271
533333, 406760
533923, 407312
531273, 407619
537049, 404920
536473, 401512
537533, 404514
533786, 399463
533852, 409260

534226, 398682
532908, 398756
535823, 398491
533031, 396667
536473, 401512
536767, 397643
530032, 399853
531429, 402722
532732, 404320
529740, 396483
538704, 397771
533767, 393738

537049, 404920
538525, 405846
540139, 405467
540475, 404657
536990, 407424
536473, 401512
540728, 403946
539591, 407940
540820, 402129
533416, 406238
533923, 407312
533333, 406760

539584, 397442
536767, 397643
535823, 398491
541505, 396456
541605, 396515
541884, 399822
542205, 396276
542037, 400540
536473, 401512
534226, 398682
542526, 400385
540820, 402129

543753, 392008
542205, 396276
541505, 396456
541605, 396515
545559, 393562
546754, 394768
539584, 397442
536788, 392502
540005, 388075
536539, 392677
538704, 397771
536611, 390248

544441, 407292
543029, 405597
546312, 409101
542455, 407925
547832, 404624
541409, 408787
541048, 408366
540475, 404657
540139, 405467
549760, 408823
540728, 403946
550418, 406706

538990, 412773
538726, 415602
544327, 413129
538412, 410694
536656, 416927
541409, 408787
535456, 414252
541048, 408366
537143, 418849
539591, 407940
542455, 407925
533990, 413526

532313, 388990
534196, 386376
535407, 385709
535919, 385043
531922, 381871
526674, 391209
534946, 391969
536611, 390248
533767, 393738
536539, 392677
536788, 392502
528276, 395395

537143, 418849
538726, 415602
535456, 414252
533990, 413526
533775, 413544
538990, 412773
541021, 414292
538412, 410694
529977, 414907
533852, 409260
544327, 413129
541409, 408787

536656, 416927
538726, 415602
535456, 414252
541021, 414292
533990, 413526
533775, 413544
538990, 412773
529977, 414907
538412, 410694
544327, 413129
533852, 409260
541409, 408787

538525, 405846
537049, 404920
539591, 407940
537533, 404514
533923, 407312
538412, 410694
533852, 409260
540139, 405467
533333, 406760
533416, 406238
541048, 408366
540475, 404657

553387, 411209
553037, 406494
549760, 408823
550418, 406706
546312, 409101
547832, 404624
548069, 416815
544987, 406896
544441, 407292
544327, 413129
549251, 400034
542455, 407925

555333, 390172
574088, 396603
551861, 392281
552022, 396811
549198, 395908
548046, 395971
575805, 402781
549251, 400034
546754, 394768
545559, 393562
553037, 406494
546850, 400708

533333, 406760
533416, 406238
533852, 409260
531273, 407619
531377, 406271
536990, 407424
532732, 404320
531415, 405039
537049, 404920
537533, 404514
538525, 405846
531429, 402722

540475, 404657
540139, 405467
540820, 402129
543029, 405597
538525, 405846
537533, 404514
542037, 400540
537049, 404920
542526, 400385
539591, 407940
541884, 399822
542455, 407925

541021, 414292
546312, 409101
541409, 408787
548069, 416815
538990, 412773
542455, 407925
541048, 408366
544441, 407292
538726, 415602
544987, 406896
538412, 410694
549760, 408823

553820, 409909
549760, 408823
553037, 406494
550418, 406706
546312, 409101
548069, 416815
547832, 404624
544327, 413129
544987, 406896
544441, 407292
542455, 407925
543029, 405597

542037, 400540
542526, 400385
540820, 402129
539584, 397442
541605, 396515
541505, 396456
542205, 396276
538704, 397771
540728, 403946
540475, 404657
546850, 400708
536767, 397643

540139, 405467
537533, 404514
537049, 404920
536990, 407424
540475, 404657
539591, 407940
540728, 403946
541048, 408366
541409, 408787
540820, 402129
542455, 407925
543029, 405597

544987, 406896
542455, 407925
543029, 405597
546312, 409101
541409, 408787
541048, 408366
547832, 404624
540139, 405467
540475, 404657
539591, 407940
540728, 403946
549760, 408823

522593, 390912
528276, 395395
530942, 387324
521364, 388321
532313, 388990
529740, 396483
527942, 397872
527319, 397961
521562, 396186
533767, 393738
534946, 391969
533031, 396667

541409, 408787
541048, 408366
544441, 407292
543029, 405597
544987, 406896
539591, 407940
540139, 405467
540475, 404657
546312, 409101
540728, 403946
538525, 405846
538412, 410694

536767, 397643
534226, 398682
533786, 399463
532908, 398756
538704, 397771
536473, 401512
533031, 396667
539584, 397442
533767, 393738
536539, 392677
530032, 399853
541505, 396456

525797, 400407
521562, 396186
527319, 397961
527942, 397872
530032, 399853
528276, 395395
516048, 397263
529740, 396483
531429, 402722
531415, 405039
522593, 390912
526674, 391209

533923, 407312
533333, 406760
533416, 406238
531273, 407619
536990, 407424
531377, 406271
533990, 413526
533775, 413544
529665, 410480
538412, 410694
531415, 405039
532732, 404320

537533, 404514
538525, 405846
536990, 407424
540139, 405467
540475, 404657
536473, 401512
540728, 403946
533416, 406238
533923, 407312
539591, 407940
533333, 406760
532732, 404320

538412, 410694
541021, 414292
538726, 415602
535456, 414252
541409, 408787
536656, 416927
541048, 408366
539591, 407940
533990, 413526
533775, 413544
544327, 413129
536990, 407424

534946, 391969
536539, 392677
533031, 396667
536788, 392502
536611, 390248
529740, 396483
536767, 397643
534226, 398682
532313, 388990
532908, 398756
535823, 398491
533786, 399463

545559, 393562
548046, 395971
549198, 395908
543753, 392008
542205, 396276
542195, 393230
541605, 396515
541505, 396456
552022, 396811
551861, 392281
549251, 400034
546850, 400708

541505, 396456
542205, 396276
539584, 397442
538704, 397771
541884, 399822
542195, 393230
542526, 400385
542037, 400540
545559, 393562
536767, 397643
543753, 392008
546754, 394768

527942, 397872
528276, 395395
529740, 396483
525797, 400407
530032, 399853
523026, 400514
532908, 398756
533031, 396667
521562, 396186
531429, 402722
533786, 399463
526674, 391209

